  1:    3    20    19    17    11     7 
  2:   12     9     2     4     5    18 
  3:   13     1    16    14     6     8 
  4:   10     7    19     3    17    15 
  5:   20     4    11    12     2    18 
  6:   14     8     1    13     9     5 
  7:   19    16    15     6    10     3 
  8:   18     2    17    20     7    12 
  9:    1     8     4     9    11    14 
 10:   15    13    10     5    16     6 
 11:    2     3     7    20    19    12 
 12:   17     9     8    14     4     1 
 13:   11     5    10    18    15     6 
 14:   16    20     2    12    19    13 
 15:   17    14     3     1     9     4 
 16:    7     6     5     8    11    15 
 17:   18    16    20    10    13     2 
 18:    4    12    17    19    14     1 
 19:   11     3     5    15     6     9 
 20:   18     7    13    16     8    10 
 21:   20    12    14     4    19    17 
 22:    6     1    11     2     5    15 
 23:    7    18     8    16     3     9 
 24:   13     4    14    10    20    17 
 25:   11     5    19     1     2     6 
 26:   15    12    16     7    18     9 
 27:    3    10     4     8    13    20 
 28:    2    19    11     5    17     1 
 29:    9    15    18    16    14     7 
 30:    6    10    12     8    13     3 
 31:    5     1    20    19     2     4 
 32:    9    15     7    11    18    16 
 33:    6    17    13     8     3    12 
 34:   14     2*    5*   10    20*   19*